 KCVO   NBM V5.0 NBH GUIDANCE    9/06/2026  1700 UTC
 UTC  18 19 20 21 22 23 00 01 02 03 04 05 06 07 08 09 10 11 12 13 14 15 16 17 18 
 TMP  58 59 61 62 63 64 64 63 61 59 57 56 55 54 53 52 52 51 50 49 49 51 55 58 61
 TSD   2  3  3  3  3  2  2  2  2  2  1  1  2  2  2  2  2  2  2  2  2  2  2  2  2
 DPT  55 56 57 57 57 57 57 57 57 56 55 54 53 52 51 50 49 49 49 48 48 51 53 54 54
 DSD   1  1  2  2  2  2  2  2  2  2  1  1  1  1  1  1  1  1  1  2  2  1  1  1  1
 WBG  58 59 61 62 63 62 62 60 60 58 56 54 54 53 52 51 51 50 49 48 48 52 55 58 61
 SKY  89 87 81 84 73 52 29 34 35 22 19 13 12 11 17 20 25 25 50 65 65 56 45 37 30
 SSD  11 12 15 12 18 30 24 28 28 20 19 17 14 13 27 25 25 21 30 32 32 31 35 31 29
 WDR  20 22 27 30 28 26 26 29 30 29 28 29 27 27 27 26 24 23 23 23 24 25 30  5  3
 WSP   0  0  0  0  0  0  0  0  0  0  0  0  0  0  0  0  0  0  0  0  0  0  0  0  0
 WSD   2  2  2  2  2  2  3  3  2  2  2  1  2  1  1  2  1  2  2  1  1  1  1  1  2
 GST   5  5  4  5  5  5  6  6  4  3  2  2  3  3  2  3  2  2  2  2  1  2  2  3  4
 GSD   2  2  2  2  2  2  3  2  2  3  3  2  2  2  2  2  1  1  1  1  1  1  1  1  2
 P01  66 53 40 23 18 10  8  8 11  4  3  2  1  1  1  1  1  1  1  1  1  1  1  1  1
 P06                    53                11                 1                 1
 Q01   7  3  2  0  0  0  0  0  1  0  0  0  0  0  0  0  0  0  0  0  0  0  0  0  0
 T01   1  2  2  1  2  2  1  1  0  0  0  0  0  0  0  0  0  0  0  0  0  0  0  0  0
 PZR   0  0  0  0  0  0  0  0  0  0  0  0  0  0  0  0  0  0  0  0  0  0  0  0  0
 PSN   0  0  0  0  0  0  0  0  0  0  0  0  0  0  0  0  0  0  0  0  0  0  0  0  0
 PPL   0  0  0  0  0  0  0  0  0  0  0  0  0  0  0  0  0  0  0  0  0  0  0  0  0
 PRA  74 69 57 35 23 29 23 13 10  5  5  5  5  0  0  0  0  0  0  0  0  0  0  0  0
 S01   0  0  0  0  0  0  0  0  0  0  0  0  0  0  0  0  0  0  0  0  0  0  0  0  0
 SLV  74 75 76 77 78 78 79 80 80 80 80 79 78 76 74 72 72 71 71 70 69 69 70 70 70
 I01   0  0  0  0  0  0  0  0  0  0  0  0  0  0  0  0  0  0  0  0  0  0  0  0  0
 CIG  35 35 45 35 45-88-88-88-88-88-88-88-88-88-88-88-88 45 45 35 45 45 35 35-88
 MVC  33 16 18 17 13 10  7  6  5  6  4  3  1  1  3  3  5  9 14 17 19 22 24 24 18
 IFC   2  2  2  3  2  1  0  0  0  0  0  1  0  0  1  1  0  1  3  5  8  8  7  5  2
 LIC   1  1  1  1  1  0  0  0  0  0  0  1  0  0  0  0  0  1  2  4  6  6  4  2  1
 LCB  25 21 38 31 40 35 50 43 43 60 60 60 80 60 80 80 70 45 45 35 45 45 35 35 49
 VIS  90100100100100100100100100100100100100100100100100100100100100100100100100
 MVV   9  6  6  4  2  0  0  0  0  0  2  2  2  3  4  6  7  8  9  9 11  8  7  3  1
 IFV   3  1  0  2  0  0  0  0  0  0  1  2  2  3  3  3  4  4  6  7  9  7  7  3  0
 LIV   1  0  0  0  0  0  0  0  0  0  1  2  1  2  2  3  3  3  4  4  6  7  5  2  0
 MHT  13 17 18 25 26 28 27 21 10  4  4  4  4  4  4  4  4  4  4  4  4  4 11 15 21
 TWD  27 30 30 32 31 29 30 29 28 28 28 28 27 27 27 27 26 26 27 25 26 27 24 14  3
 TWS   3  3  3  3  4  4  4  6  6  6  6  6  5  5  5  4  4  4  3  3  3  3  3  3  3
 SOL  20 17 30 30 31 22 27 20  8  3  2  2  1  0  0  0  0  0  0  0  0 12 28 42 53
                                                                          
