 KCVO    NBM V5.0 NBS GUIDANCE    9/06/2026  1700 UTC
 DT      /SEP   7                /SEP   8                /SEP   9         
 UTC  21 00 03 06 09 12 15 18 21 00 03 06 09 12 15 18 21 00 03 06 09 12 15 
 FHR  04 07 10 13 16 19 22 25 28 31 34 37 40 43 46 49 52 55 58 61 64 67 70 
 TXN                 46          71          48          77          54   
 XND                  2           2           2           2           3   
 TMP  62 64 59 55 52 50 51 61 67 70 61 57 55 52 54 64 72 75 66 63 58 55 56
 TSD   3  2  2  2  2  2  2  2  2  2  2  1  1  1  1  1  2  2  2  2  2  1  1
 DPT  57 57 56 53 50 49 51 54 54 53 54 53 51 50 53 55 56 56 54 53 52 50 52
 DSD   2  2  2  1  1  1  1  1  2  2  2  1  1  1  1  2  3  2  3  2  2  2  2
 WBG  62 62 58 54 51 49 52 61 66 64 58 55 53 51 54 63 69 68 61 58 55 52 55
 SKY  84 29 22 12 20 50 56 30 10  1  5  2  4  5 30 12  4  3  7  7  4  6 11
 SSD  12 24 20 14 25 30 31 29 10  1  4  3  4  7 11 13  6  6  8  7  6 10 18
 WDR  30 26 29 27 26 23 25  3  2  1 33 33 34 34  0  1  1  1 35 35 36 36  1
 WSP   0  0  0  0  0  0  0  0  3  6  3  6  9  7  6  8 10 10  7 12  8  5  3
 WSD   2  3  2  2  2  2  1  2  2  2  3  2  3  2  2  1  1  1  2  5  3  3  2
 GST   5  6  3  3  3  2  2  4  7 10  5  7 10  8  8 12 15 17  8 15  9  5  4
 GSD   2  3  3  2  2  1  1  2  2  2  2  2  4  2  2  1  2  3  3  6  4  2  2
 P06     53    11     1     1     1     0     0     0     0     0     0   
 P12                 11           1           1           0           0   
 Q06      4     1     0     0     0     0     0     0     0     0     0   
 Q12                  1           0           0           0           0   
 DUR                  1           0           0           0           0   
 T03   7  5  2  0  0  0  0  0  0  0  0  0  0  0  0  0  0  0  0  0  0  0  0
 T06     15     4     0     0     0     0     0     0     0     0     0   
 T12                  4           0           0           0           0   
 PZR   0  0  0  0  0  0  0  0  0  0  0  0  0  0  0  0  0  0  0  0  0  0  0
 PSN   0  0  0  0  0  0  0  0  0  0  0  0  0  0  0  0  0  0  0  0  0  0  0
 PPL   0  0  0  0  0  0  0  0  0  0  0  0  0  0  0  0  0  0  0  0  0  0  0
 PRA  35 23  5  5  0  0  0  0  0  0  0  0  0  0  0  0  0  0  0  0  0  0  0
 S06      0     0     0     0     0     0     0     0     0     0     0   
 SLV  77 79 80 78 72 71 69 70 71 73 76 81 81 79 79 81 83 85 90 93 94 94 95
 I06      0     0     0     0     0     0     0     0     0     0     0   
 CIG  35-88-88-88-88 45 45-88-88-88-88-88-88-88-88-88-88-88-88-88-88-88-88
 IFC   3  0  0  0  1  3  8  2  0  0  0  0  0  2  6  4  0  0  0  0  0  5  7
 LCB  31 50 60 80 80 45 45 49170180150-88-88180-88-88-88-88280260260-88-88
 VIS 100100100100100100100100100100100100100100100100100100100100100100100
 IFV   2  0  0  2  3  6  7  0  0  0  0-99-99-99-99-99-99-99-99-99-99-99-99
 MHT  25 27  4  4  4  4  4 21 35 34  3  4  4  4  8 20 27 29  7  4  4  4  5
 TWD  32 30 28 27 27 27 27  3  2  1  0 36  0  0  1  1  1  1 35 35  0  1  1
 TWS   3  4  6  5  4  3  3  3  5  7  8  8  9  8  8 10 10 11 10 12  8  6  6
 SOL  30 27  3  1  0  0 12 53 78 49  4  2  0  0 10 46 79 57 16  8  0  0  3
                                                                          
